13.060181 176.865753 0.0
7.134555 281.825928 0.0
9.079609 110.679077 0.0
17.529984 448.821472 1.0
9.893019 241.257797 0.0
9.753967 264.172119 0.0
10.374549 152.470825 0.0
19.609341 314.071930 1.0
17.843464 490.705414 1.0
8.592955 170.299423 0.0
8.308691 196.691132 0.0
15.107568 364.750092 1.0
13.402013 253.978867 0.0
17.176079 360.285339 1.0
16.588852 255.222351 1.0
14.767418 252.296753 1.0
19.284229 378.157532 1.0
18.596272 397.008240 1.0
14.082106 274.897919 1.0
17.287556 448.646332 1.0
8.134140 225.307312 0.0
18.295444 481.751892 1.0
10.828577 196.084076 0.0
7.255800 185.322098 0.0
18.116117 434.116516 1.0
18.114243 429.807312 1.0
12.889318 149.267944 0.0
12.757270 266.348328 0.0
14.983742 477.718323 1.0
9.332261 166.049896 0.0
9.309869 183.018311 0.0
12.057812 296.679871 0.0
19.682743 492.862122 1.0
8.255471 236.766571 0.0
7.789484 129.082733 0.0
18.528357 285.073975 1.0
13.260321 129.030426 0.0
12.343102 273.057739 0.0
7.049855 293.083679 0.0
14.530528 320.945923 1.0
9.660851 117.296738 0.0
14.575769 328.276764 1.0
8.124434 257.468018 0.0
12.505444 235.433609 0.0
8.118492 238.095825 0.0
16.159149 279.050568 1.0
14.589533 100.113808 0.0
9.485780 177.434326 0.0
16.713520 449.395508 1.0
8.665670 280.416565 0.0
7.054575 187.211823 0.0
17.848207 396.453491 1.0
17.311504 352.591919 1.0
10.417506 229.536575 0.0
7.970947 263.086670 0.0
9.849482 259.928284 0.0
14.103741 493.783569 1.0
19.738228 472.930054 1.0
18.107975 250.001526 1.0
7.470963 142.071960 0.0
9.103723 145.938568 0.0
13.853630 253.536484 0.0
17.633442 276.989227 1.0
15.371448 253.011841 1.0
14.609546 448.084015 1.0
19.295551 484.941986 1.0
8.799388 200.265396 0.0
11.257692 109.858009 0.0
16.746555 271.275543 1.0
15.765681 448.159668 1.0
13.422525 237.604721 0.0
12.568499 110.908607 0.0
7.950899 170.472076 0.0
7.200303 160.810547 0.0
15.885761 405.932617 1.0
16.513838 443.885681 1.0
16.159094 385.015564 1.0
8.133171 190.696014 0.0
17.378164 352.017517 1.0
11.173355 227.048035 0.0
19.394415 493.112854 1.0
10.337108 290.333435 0.0
14.833691 477.288757 1.0
11.223299 270.357666 0.0
8.919365 205.204651 0.0
19.457924 404.882202 1.0
8.460834 160.510406 0.0
8.376241 194.224121 0.0
18.422417 379.949402 1.0
7.040089 122.127686 0.0
16.560230 429.025818 1.0
9.945877 187.081467 0.0
14.818974 253.503845 0.0
14.649532 147.685516 0.0
17.809055 282.873993 1.0
8.121966 175.917496 0.0
17.903221 475.947632 1.0
11.414810 241.879349 0.0
16.705561 266.568146 1.0
13.200006 287.991058 0.0